# Image list with two lines of data per image:
#   IMAGE_ID, QW, QX, QY, QZ, TX, TY, TZ, CAMERA_ID, NAME
#   POINTS2D[] as (X, Y, POINT3D_ID)
1 0.000651 0.006082 0.712742 -0.701399 -0.002594 -0.074135 -0.039305 1 00001.png
0.0 0.0 -1
2 0.000864 0.004214 0.713498 -0.700644 0.003882 -0.073118 -0.042944 1 00002.png
0.0 0.0 -1
3 0.000032 0.003547 0.713825 -0.700315 0.008288 -0.073405 -0.046518 1 00003.png
0.0 0.0 -1
4 0.001783 0.002371 0.714849 -0.699273 0.010196 -0.075734 -0.049150 1 00004.png
0.0 0.0 -1
5 -0.000305 0.001303 0.714873 -0.699253 0.013704 -0.078304 -0.049376 1 00005.png
0.0 0.0 -1
6 -0.001855 -0.000035 0.715415 -0.698697 0.019894 -0.078579 -0.050072 1 00006.png
0.0 0.0 -1
7 -0.003028 -0.001248 0.716110 -0.697980 0.029391 -0.080272 -0.050333 1 00007.png
0.0 0.0 -1
8 -0.003969 -0.001272 0.713883 -0.700252 0.039079 -0.076560 -0.051618 1 00008.png
0.0 0.0 -1
9 -0.003271 -0.002314 0.713929 -0.700206 0.052890 -0.071435 -0.053891 1 00009.png
0.0 0.0 -1
10 -0.004233 -0.002967 0.713407 -0.700731 0.074601 -0.069158 -0.057248 1 00010.png
0.0 0.0 -1
11 -0.004188 -0.003549 0.713201 -0.700938 0.095881 -0.069024 -0.062036 1 00011.png
0.0 0.0 -1
12 -0.008354 -0.005778 0.712714 -0.701381 0.129667 -0.069748 -0.073942 1 00012.png
0.0 0.0 -1
13 -0.010048 -0.006814 0.713081 -0.700976 0.163527 -0.070017 -0.082087 1 00013.png
0.0 0.0 -1
14 -0.011740 -0.007529 0.712936 -0.701090 0.181654 -0.069472 -0.077882 1 00014.png
0.0 0.0 -1
15 -0.016441 -0.009493 0.713857 -0.700034 0.220307 -0.071487 -0.079992 1 00015.png
0.0 0.0 -1
16 -0.020997 -0.013105 0.713677 -0.700037 0.255256 -0.067947 -0.085994 1 00016.png
0.0 0.0 -1
17 -0.026398 -0.016972 0.714661 -0.698767 0.282551 -0.069029 -0.101881 1 00017.png
0.0 0.0 -1
18 -0.032340 -0.030797 0.713722 -0.699004 0.360159 -0.073599 -0.139513 1 00018.png
0.0 0.0 -1
19 -0.038710 -0.033811 0.714182 -0.698070 0.387185 -0.074566 -0.166883 1 00019.png
0.0 0.0 -1
20 -0.038116 -0.037544 0.713328 -0.698785 0.395676 -0.074457 -0.180996 1 00020.png
0.0 0.0 -1
21 -0.037829 -0.032388 0.714183 -0.698185 0.419701 -0.076143 -0.198820 1 00021.png
0.0 0.0 -1
22 -0.035031 -0.027971 0.716439 -0.696208 0.445913 -0.080199 -0.227148 1 00022.png
0.0 0.0 -1
23 -0.033425 -0.023551 0.717357 -0.695505 0.474962 -0.080557 -0.257083 1 00023.png
0.0 0.0 -1
24 -0.034270 -0.021222 0.713492 -0.699503 0.511663 -0.077397 -0.303175 1 00024.png
0.0 0.0 -1
25 -0.038144 -0.021563 0.714972 -0.697779 0.548882 -0.070934 -0.342264 1 00025.png
0.0 0.0 -1
26 -0.041703 -0.026218 0.711618 -0.700838 0.573475 -0.072622 -0.369481 1 00026.png
0.0 0.0 -1
27 -0.041622 -0.029911 0.713687 -0.698587 0.604912 -0.067370 -0.384733 1 00027.png
0.0 0.0 -1
28 -0.044264 -0.029596 0.712847 -0.699295 0.644789 -0.066950 -0.403438 1 00028.png
0.0 0.0 -1
29 -0.045289 -0.032766 0.713265 -0.698662 0.677714 -0.067265 -0.424154 1 00029.png
0.0 0.0 -1
30 -0.050188 -0.027318 0.713617 -0.698202 0.730747 -0.079524 -0.448163 1 00030.png
0.0 0.0 -1
31 -0.050968 -0.021560 0.712483 -0.699504 0.789284 -0.087690 -0.466444 1 00031.png
0.0 0.0 -1
32 -0.053383 -0.021451 0.714737 -0.697023 0.839822 -0.086498 -0.487756 1 00032.png
0.0 0.0 -1
33 -0.049533 -0.022613 0.713924 -0.698103 0.888656 -0.081607 -0.500458 1 00033.png
0.0 0.0 -1
34 -0.046759 -0.025834 0.715686 -0.696377 0.926043 -0.079745 -0.514747 1 00034.png
0.0 0.0 -1
35 -0.045538 -0.030327 0.714810 -0.697175 0.967781 -0.081770 -0.530502 1 00035.png
0.0 0.0 -1
36 -0.044500 -0.035194 0.713565 -0.698288 1.016656 -0.070622 -0.580864 1 00036.png
0.0 0.0 -1
37 -0.044282 -0.034442 0.713657 -0.698245 1.056630 -0.066538 -0.597641 1 00037.png
0.0 0.0 -1
38 -0.044003 -0.037269 0.713423 -0.698357 1.090547 -0.059831 -0.623593 1 00038.png
0.0 0.0 -1
39 -0.045144 -0.037365 0.716061 -0.695573 1.116669 -0.055288 -0.660806 1 00039.png
0.0 0.0 -1
40 -0.048259 -0.035325 0.714018 -0.697568 1.136724 -0.077826 -0.689007 1 00040.png
0.0 0.0 -1
41 -0.042822 -0.036526 0.716913 -0.694887 1.183921 -0.063970 -0.729120 1 00041.png
0.0 0.0 -1
42 -0.045595 -0.036913 0.712361 -0.699357 1.233467 -0.061505 -0.779001 1 00042.png
0.0 0.0 -1
43 -0.047191 -0.034030 0.711466 -0.700308 1.274248 -0.064986 -0.806587 1 00043.png
0.0 0.0 -1
44 -0.042529 -0.036156 0.713705 -0.698219 1.305677 -0.044220 -0.816673 1 00044.png
0.0 0.0 -1
45 -0.041705 -0.035766 0.714751 -0.697218 1.325040 -0.046619 -0.830827 1 00045.png
0.0 0.0 -1
46 -0.040411 -0.033647 0.716099 -0.696015 1.352358 -0.048115 -0.844371 1 00046.png
0.0 0.0 -1
47 -0.034805 -0.032012 0.717982 -0.694453 1.405869 -0.029264 -0.846702 1 00047.png
0.0 0.0 -1
48 -0.034588 -0.025052 0.719553 -0.693123 1.476086 -0.039890 -0.843945 1 00048.png
0.0 0.0 -1
49 -0.034910 -0.017943 0.720089 -0.692770 1.513874 -0.063145 -0.829314 1 00049.png
0.0 0.0 -1
50 -0.033723 -0.014511 0.720138 -0.692859 1.551076 -0.062765 -0.830754 1 00050.png
0.0 0.0 -1
51 -0.030242 -0.012280 0.718710 -0.694543 1.605989 -0.058207 -0.832247 1 00051.png
0.0 0.0 -1
52 -0.033625 -0.011139 0.722352 -0.690618 1.661352 -0.059153 -0.848802 1 00052.png
0.0 0.0 -1
53 -0.030130 -0.012610 0.719384 -0.693845 1.701753 -0.068253 -0.856978 1 00053.png
0.0 0.0 -1
54 -0.025537 -0.013037 0.721531 -0.691788 1.722530 -0.052654 -0.865669 1 00054.png
0.0 0.0 -1
55 -0.024663 -0.005401 0.721220 -0.692246 1.742569 -0.071640 -0.871204 1 00055.png
0.0 0.0 -1
56 -0.019490 0.003882 0.718658 -0.695080 1.764893 -0.094347 -0.862324 1 00056.png
0.0 0.0 -1
57 -0.011531 0.017130 0.717980 -0.695757 1.809027 -0.116111 -0.822202 1 00057.png
0.0 0.0 -1
58 -0.002988 0.032543 0.714581 -0.698789 1.861939 -0.144485 -0.758445 1 00058.png
0.0 0.0 -1
59 0.012264 0.048199 0.712896 -0.699504 1.915030 -0.145155 -0.693570 1 00059.png
0.0 0.0 -1
60 0.042286 0.076936 0.711196 -0.697490 1.981916 -0.128100 -0.608657 1 00060.png
0.0 0.0 -1
61 0.067482 0.093499 0.711671 -0.692985 2.014722 -0.096786 -0.560182 1 00061.png
0.0 0.0 -1
62 0.081249 0.104216 0.710209 -0.691477 2.048559 -0.096624 -0.528429 1 00062.png
0.0 0.0 -1
63 0.094592 0.113383 0.708768 -0.689814 2.081299 -0.087529 -0.462263 1 00063.png
0.0 0.0 -1
64 0.115585 0.129730 0.710399 -0.682014 2.118888 -0.066561 -0.335016 1 00064.png
0.0 0.0 -1
65 0.127681 0.145111 0.708480 -0.678746 2.151969 -0.075629 -0.230269 1 00065.png
0.0 0.0 -1
66 0.148870 0.162387 0.708619 -0.670319 2.166708 -0.068568 -0.077495 1 00066.png
0.0 0.0 -1
67 0.166646 0.184069 0.705077 -0.664239 2.159940 -0.085220 0.057111 1 00067.png
0.0 0.0 -1
68 0.179785 0.198581 0.699999 -0.662000 2.181848 -0.086683 0.129668 1 00068.png
0.0 0.0 -1
69 0.202056 0.224831 0.688727 -0.658999 2.224873 -0.096081 0.234682 1 00069.png
0.0 0.0 -1
70 0.216663 0.239469 0.681499 -0.656712 2.254324 -0.087204 0.314006 1 00070.png
0.0 0.0 -1
71 0.224069 0.248071 0.678403 -0.654235 2.269935 -0.097368 0.398396 1 00071.png
0.0 0.0 -1
72 0.233095 0.255299 0.673363 -0.653507 2.260347 -0.103635 0.505472 1 00072.png
0.0 0.0 -1
73 0.243706 0.265232 0.667819 -0.651365 2.217969 -0.109547 0.611608 1 00073.png
0.0 0.0 -1
74 0.251681 0.272644 0.663110 -0.650083 2.198776 -0.106197 0.685823 1 00074.png
0.0 0.0 -1
75 0.262574 0.280678 0.659291 -0.646228 2.176408 -0.094181 0.770141 1 00075.png
0.0 0.0 -1
76 0.269212 0.290890 0.657671 -0.640607 2.128367 -0.105309 0.852967 1 00076.png
0.0 0.0 -1
77 0.278546 0.302218 0.654237 -0.634863 2.084815 -0.124507 0.946097 1 00077.png
0.0 0.0 -1
78 0.289900 0.313074 0.650976 -0.627833 2.064262 -0.127686 1.036587 1 00078.png
0.0 0.0 -1
79 0.298006 0.324054 0.642762 -0.626927 2.032656 -0.125588 1.109031 1 00079.png
0.0 0.0 -1
80 0.306128 0.331344 0.642003 -0.619943 1.992581 -0.122888 1.191331 1 00080.png
0.0 0.0 -1
81 0.306063 0.332659 0.642358 -0.618902 1.970391 -0.129035 1.236014 1 00081.png
0.0 0.0 -1
82 0.309256 0.332399 0.644639 -0.615071 1.967151 -0.123762 1.299337 1 00082.png
0.0 0.0 -1
83 0.305388 0.331658 0.646841 -0.615092 1.986095 -0.138790 1.320006 1 00083.png
0.0 0.0 -1
84 0.302298 0.328132 0.650856 -0.614273 2.025645 -0.141358 1.326760 1 00084.png
0.0 0.0 -1
85 0.296335 0.323941 0.653475 -0.616618 2.074238 -0.150718 1.311823 1 00085.png
0.0 0.0 -1
86 0.290979 0.318108 0.655461 -0.620089 2.121064 -0.150288 1.292589 1 00086.png
0.0 0.0 -1
87 0.279912 0.310170 0.657069 -0.627458 2.172414 -0.151500 1.259370 1 00087.png
0.0 0.0 -1
88 0.268714 0.301866 0.661081 -0.632172 2.234557 -0.156609 1.227469 1 00088.png
0.0 0.0 -1
89 0.254802 0.294250 0.665857 -0.636496 2.321337 -0.174872 1.186439 1 00089.png
0.0 0.0 -1
90 0.243389 0.285021 0.672574 -0.638098 2.406842 -0.180318 1.129063 1 00090.png
0.0 0.0 -1
91 0.225249 0.276056 0.677611 -0.643350 2.486982 -0.223136 1.029721 1 00091.png
0.0 0.0 -1
92 0.208603 0.262176 0.683399 -0.648625 2.566969 -0.244464 0.902236 1 00092.png
0.0 0.0 -1
93 0.188262 0.242913 0.690893 -0.654383 2.694008 -0.257076 0.746389 1 00093.png
0.0 0.0 -1
94 0.171588 0.226456 0.697745 -0.657592 2.812178 -0.258956 0.609852 1 00094.png
0.0 0.0 -1
95 0.155515 0.203935 0.700890 -0.665567 2.911802 -0.222031 0.462127 1 00095.png
0.0 0.0 -1
96 0.128347 0.173078 0.709856 -0.670579 2.954883 -0.196629 0.280792 1 00096.png
0.0 0.0 -1
97 0.113651 0.152092 0.712612 -0.675378 3.001368 -0.179637 0.169730 1 00097.png
0.0 0.0 -1
98 0.102298 0.136138 0.714874 -0.678202 3.055798 -0.159463 0.038080 1 00098.png
0.0 0.0 -1
99 0.091706 0.125857 0.716013 -0.680496 3.115474 -0.159109 -0.104091 1 00099.png
0.0 0.0 -1
100 0.082646 0.117195 0.717595 -0.681537 3.178584 -0.155229 -0.241765 1 00100.png
0.0 0.0 -1
101 0.077297 0.110465 0.716288 -0.684656 3.194022 -0.148077 -0.319808 1 00101.png
0.0 0.0 -1
102 0.064919 0.103144 0.718754 -0.684499 3.209156 -0.164826 -0.457111 1 00102.png
0.0 0.0 -1
103 0.050622 0.095629 0.719630 -0.685875 3.227574 -0.196700 -0.608554 1 00103.png
0.0 0.0 -1
104 0.048831 0.091146 0.720216 -0.686000 3.254087 -0.179121 -0.636311 1 00104.png
0.0 0.0 -1
105 0.033275 0.074561 0.723701 -0.685267 3.275785 -0.161287 -0.801341 1 00105.png
0.0 0.0 -1
106 0.024815 0.058546 0.726137 -0.684603 3.296524 -0.118640 -0.932542 1 00106.png
0.0 0.0 -1
107 0.018696 0.048861 0.726465 -0.685209 3.317124 -0.104751 -1.033874 1 00107.png
0.0 0.0 -1
108 0.014022 0.042246 0.728012 -0.684118 3.334624 -0.089678 -1.118509 1 00108.png
0.0 0.0 -1
109 0.009850 0.036656 0.727269 -0.685302 3.359704 -0.078516 -1.186716 1 00109.png
0.0 0.0 -1
110 0.009462 0.035256 0.729850 -0.682632 3.410778 -0.061573 -1.222092 1 00110.png
0.0 0.0 -1
111 0.005589 0.031523 0.727028 -0.685861 3.445909 -0.071643 -1.281456 1 00111.png
0.0 0.0 -1
112 -0.001827 0.027988 0.727303 -0.685743 3.480153 -0.088263 -1.356713 1 00112.png
0.0 0.0 -1
113 -0.005748 0.021694 0.726346 -0.686963 3.519946 -0.082178 -1.435704 1 00113.png
0.0 0.0 -1
114 -0.015131 0.012208 0.725531 -0.687914 3.541404 -0.077779 -1.533450 1 00114.png
0.0 0.0 -1
115 -0.027138 0.001412 0.724370 -0.688875 3.550895 -0.082121 -1.650606 1 00115.png
0.0 0.0 -1
116 -0.033510 -0.014928 0.723688 -0.689151 3.546484 -0.032729 -1.772112 1 00116.png
0.0 0.0 -1
117 -0.042724 -0.023739 0.723413 -0.688684 3.539283 -0.040517 -1.892946 1 00117.png
0.0 0.0 -1
118 -0.049104 -0.029034 0.720682 -0.690915 3.539045 -0.049241 -1.991739 1 00118.png
0.0 0.0 -1
119 -0.056643 -0.032911 0.720315 -0.690547 3.546465 -0.066972 -2.096393 1 00119.png
0.0 0.0 -1
120 -0.066543 -0.038659 0.720271 -0.689410 3.552644 -0.092322 -2.230131 1 00120.png
0.0 0.0 -1
121 -0.077760 -0.044823 0.719196 -0.688986 3.536820 -0.113545 -2.389518 1 00121.png
0.0 0.0 -1
122 -0.079354 -0.045390 0.718044 -0.689967 3.589563 -0.123410 -2.421255 1 00122.png
0.0 0.0 -1
123 -0.084072 -0.057315 0.718511 -0.688032 3.561118 -0.064188 -2.531349 1 00123.png
0.0 0.0 -1
124 -0.087538 -0.069087 0.718928 -0.686081 3.534601 -0.001653 -2.647171 1 00124.png
0.0 0.0 -1
125 -0.086626 -0.073595 0.717927 -0.686775 3.560609 0.015185 -2.706533 1 00125.png
0.0 0.0 -1
126 -0.085359 -0.076489 0.717564 -0.686997 3.611762 0.033948 -2.755390 1 00126.png
0.0 0.0 -1
127 -0.085605 -0.074001 0.718614 -0.686141 3.683963 0.018234 -2.778590 1 00127.png
0.0 0.0 -1
128 -0.088578 -0.069327 0.718721 -0.686140 3.745611 -0.017542 -2.800613 1 00128.png
0.0 0.0 -1
129 -0.084683 -0.072409 0.716740 -0.688382 3.815455 -0.004583 -2.830116 1 00129.png
0.0 0.0 -1
130 -0.086247 -0.066646 0.717533 -0.687943 3.905238 -0.027082 -2.847755 1 00130.png
0.0 0.0 -1
131 -0.085134 -0.064513 0.715452 -0.690449 3.972953 -0.032576 -2.865056 1 00131.png
0.0 0.0 -1
132 -0.082241 -0.068413 0.716571 -0.689262 3.994093 0.011118 -2.904554 1 00132.png
0.0 0.0 -1
133 -0.083131 -0.068513 0.716899 -0.688804 4.033828 0.000488 -2.954172 1 00133.png
0.0 0.0 -1
134 -0.089144 -0.075187 0.715388 -0.688926 4.033720 0.003382 -3.077743 1 00134.png
0.0 0.0 -1
135 -0.094649 -0.082231 0.713548 -0.689296 4.028324 0.000832 -3.191260 1 00135.png
0.0 0.0 -1
136 -0.102281 -0.090108 0.712417 -0.688390 4.023541 0.006022 -3.314181 1 00136.png
0.0 0.0 -1
137 -0.110872 -0.100479 0.709235 -0.688910 3.991530 0.003150 -3.462091 1 00137.png
0.0 0.0 -1
